11 43 4
38 32 4
31 49 4
14 11 4
19 16 4
38 48 4
30 20 4
47 4 4
45 41 4
48 15 4
48 13 4
48 39 4
49 46 4
16 11 4
16 30 4
46 32 4
19 9 4
0 0 4
28 41 4
20 12 4
19 25 4
40 36 4
49 20 4
0 22 4
2 44 4
6 44 4
39 26 4
5 46 4
17 12 4
0 35 4
17 17 4
46 33 4
39 0 4
16 49 4
28 4 4
28 45 4
45 19 4
46 1 4
32 44 4
3 15 4
40 21 4
32 31 4
16 21 4
17 24 4
48 3 4
38 27 4
49 47 4
0 43 4
45 10 4
26 44 4
47 49 4
24 5 4
28 34 4
15 44 4
27 31 4
26 21 4
41 18 4
35 18 4
27 38 4
27 49 4
15 33 4
21 14 4
48 29 4
34 5 4
43 25 4
13 43 4
12 22 4
24 12 4
22 43 4
35 28 4
21 35 4
45 25 4
27 7 4
0 29 4
44 3 4
15 1 4
47 45 4
43 44 4
8 31 4
40 16 4
39 8 4
34 20 4
7 21 4
4 19 4
12 5 4
0 48 4
32 11 4
8 45 4
29 16 4
2 17 4
7 4 4
17 9 4
38 21 4
22 9 4
4 27 4
9 3 4
22 23 4
45 4 4
33 27 4
32 15 4
20 37 1
35 13 3
21 46 2
